   1.0000000e+00   5.7300000e+02   3.7500000e+02   3.0100000e+02   2.1200000e+02   5.5000000e+01   3.4000000e+01   2.5000000e+01   3.3000000e+01   1.1300000e+02   1.4300000e+02   3.0300000e+02   6.1500000e+02   1.2260000e+03   1.2810000e+03   1.2210000e+03   1.0810000e+03   8.6600000e+02   1.0960000e+03   1.0390000e+03   9.7500000e+02   7.4600000e+02   5.8100000e+02   4.0900000e+02   1.8200000e+02
   1.0000000e+00   3.9400000e+02   2.6400000e+02   1.4000000e+02   1.4400000e+02   1.0400000e+02   2.8000000e+01   2.8000000e+01   2.5000000e+01   7.0000000e+01   1.5300000e+02   4.0100000e+02   6.4900000e+02   1.2160000e+03   1.3990000e+03   1.2490000e+03   1.2400000e+03   1.1090000e+03   1.1370000e+03   1.2900000e+03   1.1370000e+03   7.9100000e+02   6.3800000e+02   5.9700000e+02   3.1600000e+02
   1.0000000e+00   6.0300000e+02   3.4800000e+02   1.7600000e+02   1.7700000e+02   4.7000000e+01   3.0000000e+01   4.0000000e+01   4.2000000e+01   1.0100000e+02   1.8000000e+02   4.0100000e+02   7.7700000e+02   1.3440000e+03   1.5730000e+03   1.4080000e+03   1.2430000e+03   1.1410000e+03   1.1780000e+03   1.2560000e+03   1.1140000e+03   8.1400000e+02   6.3500000e+02   3.0400000e+02   1.6800000e+02
   1.0000000e+00   4.2800000e+02   3.0900000e+02   1.9900000e+02   1.1700000e+02   8.2000000e+01   4.3000000e+01   2.4000000e+01   6.4000000e+01   1.5200000e+02   1.8300000e+02   4.0800000e+02   7.9700000e+02   1.2880000e+03   1.4910000e+03   1.5230000e+03   1.4600000e+03   1.3650000e+03   1.5200000e+03   1.7000000e+03   1.7970000e+03   1.5960000e+03   1.1390000e+03   9.1000000e+02   6.4000000e+02
   1.0000000e+00   3.7200000e+02   3.1000000e+02   2.0300000e+02   1.3300000e+02   6.5000000e+01   3.9000000e+01   2.7000000e+01   3.6000000e+01   1.0700000e+02   1.3900000e+02   3.2900000e+02   6.5100000e+02   9.9000000e+02   1.0270000e+03   1.0410000e+03   9.7100000e+02   1.1040000e+03   8.4400000e+02   1.0230000e+03   1.0190000e+03   8.6200000e+02   6.4300000e+02   5.9100000e+02   4.5200000e+02
   1.0000000e+00   4.4800000e+02   3.4400000e+02   1.8300000e+02   1.4600000e+02   7.1000000e+01   1.4000000e+01   3.0000000e+01   4.1000000e+01   1.0800000e+02   1.3700000e+02   2.7700000e+02   5.7600000e+02   1.0100000e+03   1.2710000e+03   1.2640000e+03   1.0620000e+03   1.0930000e+03   1.0300000e+03   1.0690000e+03   1.1510000e+03   8.9800000e+02   7.5400000e+02   4.6700000e+02   3.6200000e+02
   1.0000000e+00   6.2100000e+02   3.2200000e+02   2.2100000e+02   1.5000000e+02   6.5000000e+01   4.0000000e+01   4.2000000e+01   8.4000000e+01   1.4800000e+02   1.9000000e+02   3.4100000e+02   6.8500000e+02   1.1620000e+03   1.3910000e+03   1.3670000e+03   1.2790000e+03   1.3180000e+03   1.3360000e+03   1.4400000e+03   1.4790000e+03   1.4170000e+03   1.3470000e+03   1.0030000e+03   8.0300000e+02
   1.0000000e+00   5.9700000e+02   4.0900000e+02   1.4200000e+02   9.3000000e+01   4.8000000e+01   3.0000000e+01   3.4000000e+01   8.7000000e+01   1.3200000e+02   1.5700000e+02   3.8900000e+02   1.0240000e+03   1.6480000e+03   1.7680000e+03   1.7030000e+03   1.7060000e+03   1.5200000e+03   1.5620000e+03   1.6080000e+03   1.7660000e+03   1.5330000e+03   1.4410000e+03   1.2520000e+03   9.6400000e+02
   1.0000000e+00   5.2500000e+02   4.3100000e+02   2.4800000e+02   2.4000000e+02   9.1000000e+01   6.4000000e+01   2.9000000e+01   1.1700000e+02   2.0000000e+02   2.3600000e+02   4.5600000e+02   7.1700000e+02   1.3310000e+03   1.6090000e+03   1.5630000e+03   1.3980000e+03   1.4650000e+03   1.4590000e+03   1.6310000e+03   1.8910000e+03   1.8470000e+03   1.7310000e+03   1.3750000e+03   1.1880000e+03
   1.0000000e+00   5.8700000e+02   3.8200000e+02   1.6500000e+02   1.9200000e+02   1.3000000e+02   4.4000000e+01   2.1000000e+01   3.5000000e+01   7.3000000e+01   1.3200000e+02   2.9900000e+02   6.3900000e+02   1.1100000e+03   1.3200000e+03   1.2080000e+03   1.0690000e+03   1.0700000e+03   1.1640000e+03   1.5470000e+03   1.5750000e+03   1.5030000e+03   1.1390000e+03   1.0660000e+03   7.7600000e+02
   2.0000000e+00   1.4400000e+02   7.3000000e+01   2.1000000e+01   1.6000000e+01   1.0000000e+01   1.2000000e+01   2.6000000e+01   1.0000000e+02   1.7700000e+02   2.2000000e+02   3.7100000e+02   5.9900000e+02   1.2800000e+03   1.3460000e+03   1.4610000e+03   1.3670000e+03   1.3190000e+03   1.2050000e+03   1.2500000e+03   1.2690000e+03   9.8100000e+02   8.0600000e+02   5.5000000e+02   3.2000000e+02
   2.0000000e+00   1.4100000e+02   6.3000000e+01   5.1000000e+01   1.4000000e+01   1.6000000e+01   1.4000000e+01   2.8000000e+01   1.0300000e+02   1.7200000e+02   2.0500000e+02   4.4200000e+02   6.0100000e+02   1.1650000e+03   1.2280000e+03   9.1200000e+02   8.7200000e+02   8.4700000e+02   1.2270000e+03   1.5610000e+03   1.6110000e+03   1.3860000e+03   1.0070000e+03   8.1000000e+02   6.8000000e+02
   2.0000000e+00   6.7000000e+01   6.7000000e+01   1.0700000e+02   1.4000000e+01   1.1000000e+01   1.9000000e+01   1.8000000e+01   7.5000000e+01   1.8500000e+02   2.2300000e+02   2.9800000e+02   5.7100000e+02   1.0440000e+03   1.1070000e+03   8.7200000e+02   7.6500000e+02   8.2400000e+02   1.0320000e+03   1.2370000e+03   1.0840000e+03   7.5900000e+02   5.4300000e+02   3.7700000e+02   1.6800000e+02
   2.0000000e+00   6.9000000e+01   5.4000000e+01   3.5000000e+01   6.0000000e+00   7.0000000e+00   1.5000000e+01   1.9000000e+01   7.6000000e+01   2.1200000e+02   2.3800000e+02   3.6400000e+02   7.1700000e+02   1.2230000e+03   1.1660000e+03   9.9400000e+02   9.3100000e+02   9.2900000e+02   1.0930000e+03   1.2750000e+03   1.1610000e+03   1.0830000e+03   7.2600000e+02   4.4100000e+02   2.4100000e+02
   2.0000000e+00   1.4200000e+02   1.0400000e+02   5.5000000e+01   3.3000000e+01   5.1000000e+01   1.3000000e+01   3.6000000e+01   7.7000000e+01   1.8500000e+02   2.2200000e+02   4.3700000e+02   7.3900000e+02   1.3260000e+03   1.3720000e+03   9.7900000e+02   9.4200000e+02   1.0190000e+03   1.2500000e+03   1.6630000e+03   1.7810000e+03   1.5130000e+03   1.1880000e+03   1.0000000e+03   6.3800000e+02
   2.0000000e+00   2.5600000e+02   1.7100000e+02   1.0400000e+02   6.7000000e+01   5.1000000e+01   2.6000000e+01   2.5000000e+01   4.1000000e+01   1.7000000e+02   1.9200000e+02   3.3400000e+02   8.0100000e+02   1.3410000e+03   1.4680000e+03   1.3950000e+03   1.2210000e+03   1.1680000e+03   1.2840000e+03   1.4000000e+03   1.3210000e+03   1.0990000e+03   7.9100000e+02   4.9800000e+02   2.7200000e+02
   2.0000000e+00   1.3000000e+02   6.8000000e+01   5.2000000e+01   2.3000000e+01   1.0000000e+01   1.6000000e+01   2.8000000e+01   1.2800000e+02   2.2600000e+02   2.7100000e+02   4.0200000e+02   6.5200000e+02   1.2820000e+03   1.3530000e+03   1.0840000e+03   1.1240000e+03   9.2000000e+02   1.0630000e+03   1.1600000e+03   1.1840000e+03   8.9300000e+02   7.2000000e+02   5.4100000e+02   3.0400000e+02
   2.0000000e+00   7.8000000e+01   6.0000000e+01   5.1000000e+01   1.7000000e+01   1.0000000e+01   1.2000000e+01   2.2000000e+01   7.3000000e+01   1.7200000e+02   1.8600000e+02   3.1800000e+02   4.1400000e+02   1.0030000e+03   1.1530000e+03   9.8100000e+02   8.4600000e+02   8.7200000e+02   1.0510000e+03   1.2000000e+03   1.2760000e+03   1.0040000e+03   8.4100000e+02   5.2500000e+02   3.1500000e+02
   2.0000000e+00   9.5000000e+01   6.3000000e+01   4.5000000e+01   2.6000000e+01   3.0000000e+00   2.3000000e+01   2.8000000e+01   1.0800000e+02   2.0900000e+02   2.4100000e+02   3.7200000e+02   5.4900000e+02   1.2060000e+03   1.2230000e+03   1.1560000e+03   1.1020000e+03   1.0830000e+03   1.1070000e+03   1.1090000e+03   1.1930000e+03   9.0000000e+02   6.6000000e+02   4.4200000e+02   2.2600000e+02
   2.0000000e+00   8.2000000e+01   9.3000000e+01   5.1000000e+01   2.8000000e+01   3.9000000e+01   1.7000000e+01   3.0000000e+01   1.3800000e+02   2.2500000e+02   2.6100000e+02   3.5800000e+02   6.2100000e+02   1.0740000e+03   1.1760000e+03   9.1400000e+02   8.5800000e+02   8.3000000e+02   9.2800000e+02   9.5400000e+02   8.7100000e+02   7.3000000e+02   5.0600000e+02   2.6200000e+02   1.5000000e+02
